from;to;amount
9919721727202;4091440773457;675249673
9986468811590;1817527936795;825644374
1998625947326;9994306411736;197279291
1661902529981;7099690435660;428156689
9084669510532;2976631069073;409138145
5187708424596;4238398597425;589231197
6824111570829;3473429574768;670830496
8047922768796;6980777632793;112038651
2828878712079;7105943164420;926982072
8652400897656;1705733318204;37645650
3022666844546;8708816680534;800240273
4662352024281;1167474583629;14063033
2958633985516;1266248085373;955727283
1338050581432;6182256803546;208878577
3898864935885;4251564990249;169239636
8760320190413;9956675925536;637177621
7848497819074;7066159870641;290679330
9126120217051;4262697993594;994907979
7753158981803;2685531331220;805903900
3288923817594;4857294318263;469420091
4056402131356;5013490589583;435469
6772856059505;6937337273713;782809977
5794385217005;4573987879840;917749261
9334271842885;6495190319211;243791118
8513786340394;9112891609652;340325499
9576011696604;2033149066352;962942941
3285280347757;7491113249287;546820431
2731081614975;4282027023131;198758505
6505228584899;9564487970088;447664132
7479085327932;8510148894853;129125729
9307550296073;2160630381795;32383394
1902485217882;3200554212159;914544888
3747557930720;1210908137261;869375986
9403766613597;8482070215088;752746434
8409154771750;5880891486840;545141533
6685908276537;2614311132039;218601173
4461094049704;7276808872593;586299666
7442144178205;1872103337730;480737880
3046309132718;7875431370144;107084478
8627068400551;9396202754016;370424416
9797530008507;1010896895944;217461064
3623495985446;6026688167026;643196960
8137670269235;1538003254685;835348872
3533222545810;4207370280428;305595896
7597619073465;6888834224356;110280374
7437741570998;7121732255977;267732046
3124463862266;4019251296867;577110621
8218241857124;9735225898904;205260494
8409673340734;5341062608540;235855508
7771606298042;9473774253194;710816181
8444467462935;2934801084310;884888863
3237192896752;8778332115968;993242606
7933823477587;9975681769538;756912680
1813289936151;2395238933875;249301061
2785603583072;8706038895746;826779008
6994895541421;9624966614043;895282924
8106226166919;2577558414221;846299412
2409520000186;7691469165527;248967943
2747502827680;7650614177947;708331586
3798691216365;8172240010086;58282183
1529121308156;7933439245137;553816566
8865126886204;4661585694688;924071803
4780544567919;3145858113900;885760006
2343635414479;9795465732733;135684945
1678057864228;8382684950895;172113866
7419857937269;6543591768052;613409221
5085747253658;3692926743471;385590453
2021681523024;6658448082210;44455116
3181831748468;4890062836020;864220896
2219719064658;7443555779252;823655134
9348651863751;7855768070385;521965798
6966577101733;3806240143168;493707823
1827255647585;6831942936513;54261634
7529866888931;8462609693871;564982746
3476493250253;3822670427802;635793149
3724376290896;2292220491630;46180989
2047485445448;4011247680377;84290170
5360778584149;5733454038006;418509051
4656442605682;7134843600315;755647398
8437473491013;7108355250852;982153926
8160123292981;8491054544373;441858320
2816955844351;7622037167850;72352105
7449971425876;2092298218046;231133031
2066052800824;9172551180030;334606343
7048978999427;4335427390051;715568907
1776297807250;3235450306917;9942710
2624006828550;2064898346762;482973229
7909265956247;3245240156049;372206145
3596994334666;9727381275932;353046742
9131030014636;5000310683566;279338912
5026664426013;9276024439142;970919626
4102282961178;4418052411554;193000895
4603863469060;1087105632795;559934820
5095751378269;5461976490514;20297634
2599027162289;1406469614230;785789217
3663856843715;4935998956627;972006753
6067125230588;1669695539275;25742216
7721425533455;5847428882094;162305110
7178021139735;5806370557527;364916478
5139256434232;8350769732042;621689203